---
heart_rate_zones_1:
  id: 1
  athlete_id: 9123806
  custom_zones: true
  zone_1_min: 0
  zone_1_max: 152
  zone_2_min: 152
  zone_2_max: 162
  zone_3_min: 162
  zone_3_max: 171
  zone_4_min: 171
  zone_4_max: 183
  zone_5_min: 183
  zone_5_max: -1
  created_at: '2018-02-10 07:49:31.540854'
  updated_at: '2018-02-10 07:49:37.713327'
